9
10
0
6
14
7
3
2
15
1
24
4
6
41
11
31
16
13
19
15
2
12
25
4
8
11
1
31
12
18
9
4
26
11
6
0
7
6
9
2
5
22
11
19
15
5
18
5
0
5
9
0
6
11
3
3
1
17
0
3
0
4
9
19
1
19
1
17
4
9
8
0
7
2
36
8
0
7
1
3
0
3
0
3
1
2
16
1
15
4
15
26
7
5
34
2
26
4
2
19
5
0
1
28
15
16
5
1
17
7
2
7
5
5
3
2
7
14
10
2
17
17
1
1
12
8
2
10
10
16
6
2
3
2
2
9
14
5
6
5
14
14
8
15
27
7
11
5
0
1
3
1
1
2
5
4
7
5
5
10
21
1
2
9
22
4
6
2
12
1
0
15
4
26
1
42
24
6
0
6
16
12
2
5
17
21
0
7
8
13
6
18
13
0
13
5
2
11
13
0
5
4
18
21
10
7
6
1
17
0
0
6
4
5
38
28
2
5
2
11
7
5
19
4
0
0
1
6
4
2
6
2
1
4
1
1
14
21
34
0
3
13
10
11
31
20
16
1
14
31
24
14
2
1
10
26
0
6
7
8
5
14
2
10
20
7
1
4
4
8
7
8
33
7
9
7
0
5
24
47
8
3
21
21
0
8
0
2
4
2
11
30
6
0
3
32
1
2
4
5
17
7
4
28
8
19
1
7
1
20
7
5
5
19
5
11
9
6
2
0
5
8
7
1
22
9
24
25
0
31
3
1
3
5
3
20
30
19
5
19
0
12
5
2
14
0
2
10
6
5
35
2
4
12
5
4
10
15
41
2
1
5
0
3
26
12
15
5
4
1
6
9
1
1
32
9
8
14
32
15
2
13
6
1
3
14
8
5
12
24
8
6
7
1
6
1
3
24
3
13
4
9
11
15
26
2
40
13
6
7
16
1
54
35
67
3
5
5
3
1
21
18
32
9
8
1
15
4
15
11
4
19
1
0
31
21
9
2
10
21
2
11
4
16
8
1
13
12
1
4
3
12
16
8
7
0
13
27
8
11
15
28
31
5
6
4
1
10
4
14
0
1
2
25
2
5
3
19
18
21
19
24
16
12
5
9
1
4
9
7
34
2
5
6
10
10
25
1
3
1
4
12
6
5
5
6
12
10
5
16
11
7
14
8
13
12
68
5
5
3
4
24
5
7
9
20
9
19
20
10
5
18
2
3
21
33
80
9
8
12
32
7
8
21
2
25
17
10
64
1
5
6
27
7
0
2
5
2
0
16
33
7
17
15
3
8
10
10
10
1
28
8
12
22
7
11
45
24
0
6
40
18
21
3
10
1
19
11
0
2
3
6
3
16
3
1
29
34
10
1
6
3
0
27
10
9
3
46
0
0
5
11
6
0
18
7
1
3
0
13
5
10
5
1
46
25
3
5
1
12
0
17
0
15
9
7
0
0
10
3
18
1
2
6
4
16
14
16
6
15
7
10
6
9
0
22
4
1
4
14
10
2
5
5
3
8
0
15
83
17
5
0
4
0
6
11
0
7
24
4
18
6
1
4
15
22
5
0
33
0
18
2
15
20
17
1
3
32
4
3
12
2
28
14
0
2
3
25
19
3
7
9
0
0
2
7
37
2
0
1
4
9
17
15
1
10
8
7
16
65
23
13
2
2
17
3
2
1
19
5
15
6
21
3
41
16
10
3
1
13
7
15
0
1
13
17
4
6
0
7
28
9
2
7
3
19
36
8
0
14
2
0
14
18
0
8
0
15
1
1
8
5
18
9
4
3
3
38
33
25
16
5
2
4
3
2
7
11
7
3
17
0
0
8
9
1
5
11
18
6
2
23
9
7
21
1
43
9
18
9
7
1
10
21
15
16
22
13
10
4
17
4
3
8
0
0
2
2
2
10
2
19
4
2
1
9
7
6
0
3
6
15
7
15
9
16
3
2
11
18
5
7
3
2
17
19
12
7
39
45
4
0
7
60
31
15
2
0
6
7
5
24
7
15
0
3
0
8
13
5
39
3
8
1
0
0
12
1
0
15
8
2
16
15
7
15
3
1
3
3
4
2
2
29
21
14
8
4
15
5
0
0
4
18
16
8
5
10
6
6
0
0
2
9
19
0
5
3
30
0
4
13
17
11
17
20
15
9
2
12
2
2
21
25
1
4
17
2
2
19
17
9
18
49
13
4
17
2
11
4
15
4
28
1
2
4
0
3
17
20
13
19
2
1
15
3
1
15
40
39
18
0
23
0
14
7
0
4
4
9
1
8
27
10
1
8
2
7
14
25
39
22
13
3
3
6
21
8
0
3
12
10
13
2
31
9
10
5
2
9
33
12
12
23
0
0
4
3
9
1
8
3
16
4
22
8
22
0
24
0
8
1
5
24
4
17
4
1
16
1
0
18
3
2
8
24
22
8
1
11
4
21
4
5
5
1
7
19
6
34
5
7
6
5
31
11
1
1
35
12
2
22
1
6
2
10
32
7
19
5
5
21
9
22
15
2
3
6
17
4
6
20
10
0
0
1
8
0
9
7
3
25
1
3
2
13
20
28
11
8
9
1
0
1
45
6
5
7
3
6
2
16
3
6
6
3
12
14
8
0
6
7
18
12
1
10
7
1
16
25
36
2
8
41
7
1
19
2
6
15
18
10
16
3
3
5
31
1
5
10
30
23
21
0
2
0
8
7
4
7
7
10
1
3
10
6
0
1
10
22
7
11
14
21
6
2
1
11
0
33
22
4
6
10
44
4
15
1
0
4
16
11
2
1
1
47
14
49
5
8
9
13
27
6
3
2
20
13
10
5
8
12
9
13
8
5
9
0
2
19
26
3
5
5
22
2
5
3
0
16
1
18
0
8
5
16
0
9
10
4
7
2
9
28
27
11
15
17
9
2
21
4
10
14
0
0
5
5
8
2
12
27
2
27
8
0
1
5
9
8
0
3
8
40
0
7
23
33
3
10
3
0
8
4
49
4
6
10
16
8
37
37
5
0
0
29
14
4
30
3
10
2
9
16
3
3
4
11
8
6
4
1
2
8
0
8
3
3
16
19
5
8
12
1
1
8
7
15
3
9
3
9
5
1
18
30
10
1
4
4
2
19
0
10
20
3
0
19
20
30
3
1
41
9
29
8
1
13
3
26
16
1
1
28
0
15
64
4
3
18
15
9
13
10
11
7
8
5
4
33
1
3
7
5
3
4
2
10
2
30
0
7
2
19
27
11
9
14
4
8
12
1
7
7
8
7
0
3
3
16
34
2
4
14
1
3
7
0
3
25
0
6
0
5
5
2
3
12
13
31
9
4
1
1
30
2
20
30
10
0
6
6
3
17
13
9
44
5
9
0
20
5
6
3
10
12
2
6
13
0
13
1
12
15
3
14
16
18
3
8
33
1
3
2
9
3
1
1
4
2
11
19
4
7
34
3
4
8
49
19
11
7
8
1
14
16
8
3
1
9
42
32
6
21
6
20
0
2
9
4
3
2
2
0
12
17
37
2
19
5
10
1
1
3
8
21
5
35
1
5
12
4
4
6
0
9
15
17
2
20
3
2
1
24
1
9
19
0
5
4
19
1
45
13
9
2
0
3
3
1
16
5
1
18
3
1
12
2
9
5
0
13
3
0
0
21
13
11
3
1
7
31
20
3
2
2
1
1
1
20
8
28
5
6
4
8
2
11
2
3
9
49
6
1
7
12
8
12
12
0
10
34
9
19
6
5
12
39
54
0
2
17
1
5
10
20
14
54
5
8
8
4
2
32
32
6
6
0
9
7
0
61
17
1
25
2
14
5
28
0
3
6
1
6
9
6
1
2
5
0
17
14
14
8
6
21
39
1
6
3
9
10
22
6
2
10
6
2
26
11
20
0
23
3
3
7
5
6
4
4
7
8
3
0
3
18
13
12
18
18
21
1
0
9
13
41
41
10
24
13
3
0
8
0
16
1
22
25
3
5
6
3
0
29
12
7
32
2
21
10
10
4
33
7
10
12
7
4
9
22
20
6
12
12
9
8
8
9
28
32
1
1
6
0
1
11
61
23
3
8
3
13
10
6
23
0
7
6
8
8
13
39
2
15
4
4
4
21
3
0
2
8
9
0
58
7
10
8
6
11
6
0
2
16
8
2
2
1
8
7
15
9
7
28
1
3
5
15
3
1
18
11
29
0
7
13
19
5
8
6
0
21
2
10
15
6
5
4
6
4
12
10
0
7
4
11
11
2
16
7
3
5
8
11
14
2
3
13
1
25
2
7
3
17
14
18
8
3
7
10
8
0
0
2
6
0
2
12
4
11
2
4
3
6
3
18
1
17
4
9
8
10
2
13
4
4
0
10
0
54
21
7
3
6
19
0
1
19
12
8
0
2
0
3
1
17
10
1
0
22
7
12
4
41
3
34
28
8
5
14
19
8
4
4
8
29
0
9
11
1
10
2
29
7
1
8
6
5
7
6
19
4
8
10
4
0
6
10
22
0
3
6
10
11
5
5
3
11
12
1
1
6
4
5
2
32
12
29
5
8
